1000
58
23
82
9
82
78
47
78
72
63
65
81
36
6
33
8
97
54
50
58
2
20
10
78
34
51
81
26
74
5
5
85
98
74
45
36
81
41
43
47
76
15
31
35
93
52
41
99
63
82
22
16
50
89
33
93
9
64
41
99
78
6
21
44
84
33
44
91
75
89
82
63
56
60
55
43
33
37
82
60
99
23
41
41
32
39
11
36
8
72
18
58
31
49
86
9
61
28
78
95
84
31
10
95
93
12
88
66
89
45
66
28
55
95
8
60
63
58
78
39
32
94
81
81
81
52
14
28
77
4
47
79
81
66
45
98
11
62
18
71
88
56
48
60
80
32
21
34
45
59
44
18
93
90
0
21
69
90
36
69
55
80
47
38
66
90
29
86
5
11
61
61
48
75
32
99
5
74
10
31
74
20
43
40
6
5
9
98
23
68
64
84
96
21
42
75
94
91
81
85
79
6
37
75
77
37
6
44
64
75
5
19
99
12
86
62
96
22
74
36
94
17
94
80
35
2
96
59
46
58
4
44
78
39
62
54
72
7
6
74
97
69
68
38
64
0
65
28
95
73
97
95
63
65
70
82
53
79
69
98
26
3
52
99
54
46
84
10
57
40
16
62
89
32
61
27
0
46
24
98
74
35
9
38
61
32
84
6
69
84
57
36
61
64
24
74
98
76
51
27
11
56
72
64
64
18
10
67
64
69
23
88
77
59
37
34
81
3
13
48
44
62
85
85
35
15
36
41
11
88
12
21
70
3
23
56
17
61
6
38
71
90
2
33
61
45
15
51
7
21
79
64
77
0
43
60
93
51
56
63
32
18
9
47
32
90
99
97
53
72
77
60
90
84
85
55
18
69
70
61
10
62
55
89
13
66
56
51
67
65
64
21
10
19
87
30
11
52
17
41
51
8
43
53
85
91
44
28
83
20
62
44
87
91
66
53
32
73
49
12
80
43
24
51
33
14
59
98
83
89
74
86
64
68
28
72
7
47
35
13
97
30
19
7
25
3
14
30
89
76
76
68
81
3
81
73
96
43
0
15
17
62
12
89
52
32
20
83
64
49
58
57
11
77
97
3
36
59
53
53
17
43
91
82
74
21
97
27
68
91
49
81
0
90
29
90
14
24
39
12
94
52
38
62
46
51
56
16
90
41
17
41
51
55
13
20
21
0
81
40
92
17
84
31
49
89
99
53
58
13
5
60
50
8
37
14
34
51
85
34
45
63
28
32
36
67
29
16
77
40
62
93
20
29
40
43
68
72
16
89
33
78
2
98
51
34
76
54
78
89
6
17
85
0
49
84
59
51
57
75
84
37
78
86
10
12
24
23
16
42
55
67
95
43
83
0
66
69
20
42
22
90
40
25
83
57
63
39
77
52
12
73
75
80
23
7
60
25
42
52
50
35
40
75
39
13
94
40
26
49
52
58
87
21
76
57
38
29
36
63
26
97
78
86
77
51
99
28
74
80
93
13
9
12
74
21
70
35
21
0
17
43
99
34
33
62
64
46
40
44
83
72
77
54
3
30
71
65
32
40
69
25
49
92
98
63
15
97
32
33
74
26
15
6
79
89
59
6
89
64
30
55
64
36
79
39
99
56
28
27
25
25
97
93
42
11
5
7
66
82
8
48
35
6
25
94
83
96
38
20
36
51
50
44
91
45
87
13
46
49
81
39
30
81
85
91
40
95
45
89
47
46
90
59
82
30
71
24
90
15
54
52
20
50
24
89
60
45
98
79
24
1
49
32
50
93
1
8
7
40
26
51
59
39
47
94
61
52
0
39
62
58
93
95
88
43
4
62
79
94
79
86
41
72
77
31
35
1
23
39
76
78
9
28
52
2
51
58
47
6
53
43
38
89
54
84
90
12
64
62
41
45
43
96
42
58
33
19
52
96
33
60
9
45
82
84
27
59
81
34
16
86
29
72
78
27
3
71
5
78
39
17
52
65
6
79
33
26
44
80
85
55
19
27
67
76
56
12
32
25
94
82
75
29
13
19
54
78
21
13
9
29
15
83
69
44
27
23
23
14
90
22
62
79
82
73
15
80
32
99
32
30
49
11
66
70
53
75
22
64
23
48
82
92
41
45
65
24
70
18
85
24
49
82
0
50
25
73
75
69
69
25
5
60
51
35
60
87
16
25
55
30
70
95
0
29
88
50
26
66
44
6
57
1
82
91
25
72
93
15
45
23
84
35
17
88
43
53
97
54
94
79
3
75
93
79
3
6
16
2
58
86
93
7
77
56
80
46
50
71