28929
18073
28748
22189
4167
6071
13663
3687
17281
8467
6514
9731
25715
27951
30086
26828
20040
29529
2375
26384
8746
6631
1086
10882
14865
11714
12103
2525
15832
29473
19014
24522
3734
13207
29206
10500
31787
27984
8898
19898
31001
1944
10744
6709
16534
12444
7610
10938
8927
18549
11095
20146
27598
32098
21146
9992
6063
32085
24897
979
19024
24754
17072
17717
15447
12883
30695
17282
4824
14543
19378
677
21799
25852
5919
13504
29931
2482
10805
20499
7284
16594
11491
15391
14159
8583
3127
23051
26903
11212
18385
27718
26253
3375
13206
8558
25835
8916
425
18033
4982
23740
10391
25586
21331
26183
31185
19182
8603
14328
31840
21663
26546
30329
24532
22944
9684
17119
7037
9299
11248
24622
3550
25216
21690
21024
12383
23102
30460
22818
13122
26135
300
28576
5592
31847
29508
11394
3829
17925
10958
12023
22945
2085
13630
30577
14864
25981
7301
20977
20181
15015
25059
13700
594
6599
6909
15629
12403
10605
25903
7494
21660
27325
8995
15362
21471
10957
14499
19637
14195
9038
14507
5685
27489
3695
14787
17858
21889
12798
17547
29509
22693
9680
4248
15061
6164
22884
894
3967
3898
7363
9774
11079
20893
12458
1155
16490
1811
8683
11031
20454
30771
29713
14171
18748
16137
24387
11751
22389
28686
9579
2830
32611
20310
17047
16822
29481
26124
31903
7270
16126
3100
5640
13473
13101
14895
10280
29811
12128
14300
26763
22089
13087
31260
23958
22278
22420
17919
18026
20050
5777
27550
14859
8501
724
11601
16834
742
21897
10018
29375
14301
29968
19073
19203
3887
22785
16953
21885
1563
28525
21154
22899
18912
26471
2584
6436
3026
1219
21933
25516
23469
24862
19995
32295
31785
15903
20733
10265
26063
19707
14910
16142
27658
3903
20945
17789
14465
13514
16802
20722
4260
6936
10189
9068
6533
20935
6415
29700
3562
18515
10105
10960
6816
2341
16748
5127
21778
9676
31937
20070
26
14474
8776
30930
4886
7954
3444
25406
14143
21136
13396
18127
12086
234
27589
18750
23776
19269
15335
20351
22900
19916
22733
25504
21458
21676
4985
12787
10519
25187
22279
24943
27502
27451
1576
19284
19241
27153
19666
22030
5648
12891
14902
30556
16632
9066
14067
8625
12184
8428
11145
8411
11929
29876
27408
10722
21484
32190
13866
8755
14688
20589
27190
25085
17780
11288
12486
30172
30313
27077
17235
9141
25500
18484
5936
14049
26899
14624
1469
22413
12630
5057
17629
29024
4480
20629
17322
27999
27541
12896
16231
17166
2838
114
9397
9432
12243
13864
4362
19377
15105
19381
2144
9722
12940
31778
13098
28069
3759
11412
14476
27033
1473
22734
2251
24152
19026
10486
11267
29151
28534
5276
26904
1742
26465
14072
22766
21192
20532
14451
14813
13341
791
29034
5983
2726
6536
10798
6668
6129
23794
7247
5065
10910
21634
6426
7228
6409
25910
31072
20867
20266
14391
14969
4389
29625
23400
27785
15688
26773
20543
22018
25125
10854
31956
28778
20410
21377
13111
8799
31678
17933
17159
23256
16346
16740
18752
29101
18454
26300
12885
29018
17810
28935
8831
11776
14710
9240
14420
19884
27691
14086
23963
9692
25804
15829
6751
4671
29911
22099
7746
10429
11305
7233
29716
28343
18729
10419
5028
29584
31043
8378
17878
29804
32152
5951
3830
27959
2035
17970
4940
15082
25599
25317
10737
13065
16568
4530
4577
21616
11808
15588
32080
30032
9011
21205
26434
4725
8220
12115
26454
9162
16553
13384
30690
6686
21245
21914
25157
27176
18053
7249
17785
18633
1837
25848
27368
31890
6355
23877
23937
26758
1787
1276
30474
13345
31941
13840
22456
13465
6429
30731
31741
31587
21298
8881
25761
11769
809
5088
1300
2779
25362
31931
27651
16339
7195
2568
23081
30078
13315
27605
15208
13320
28370
98
13848
1335
30920
9787
17567
30635
27795
31141
3393
26468
2501
315
27706
12164
12164
3545
25610
10582
28547
20921
26641
7312
19762
29404
13659
1237
32050
7340
11709
20606
14604
21727
26913
31898
31522
6046
28958
12851
14054
32487
23244
18644
24905
31024
13014
21063
23927
21325
28624
5027
8641
6547
24267
3975
10458
5182
15911
1440
839
25360
31401
2929
7441
31803
17101
8787
3005
4737
25694
28346
30845
9882
10307
29883
31400
18390
8348
32203
30312
18435
7438
3018
21427
26257
14682
32064
8572
14068
14901
18150
31018
17994
11348
26216
13897
17470
31174
29289
22143
13100
27014
27591
5570
25478
15697
13345
6857
15990
25013
19863
18368
9156
25707
18385
832
24315
9446
32323
3454
30663
29484
2991
13763
24994
4325
5867
1052
20143
18609
23780
11090
10726
4031
7139
22300
31858
26012
17423
10900
16983
26184
4404
744
29272
17039
29122
21074
15640
4758
24345
10058
18303
14005
2819
13306
25695
14980
1666
27122
4440
28217
17869
32285
15097
10801
9621
26867
3111
28876
21900
14065
19651
25214
19496
15686
4999
14371
10148
1744
20273
14227
8265
3398
27364
22135
28651
4791
4555
32603
21174
12083
22015
11524
1323
26312
16043
20483
25445
23472
366
12938
3489
28872
27392
20095
13821
28740
15129
18895
31616
2721
30606
3333
30299
16860
31421
10267
22894
5346
16684
31119
19726
32583
14957
19386
26374
8506
8517
23646
25563
9145
7949
638
1365
11521
15959
26226
14906
31049
28885
58
29533
27567
11383
20499
18903
11123
25556
1352
23189
8547
24011
1867
31507
27030
12394
5380
11110
3421
25358
28265
27008
6519
31692
15439
18864
25732
31760
10879
30824
6588
4228
26637
2371
23521
30772
485
14150
5234
26351
19367
31335
17186
26352
19125
5707
24969
32190
22410
1620
12056
6224
26957
27355
31058
629
16293
23482
13369
28019
24272
17422
30471
18926
4591
11067
12575
30988
26532
3888
11075
6359
23775
13292
10503
28643
10741
3136
16006
15408
26099
8151
11859
26961
29745
4725
25523
29134
28714
12412
23817
28616
2954
9396
6801
8411
4745
15179
25937
24905
2680
22043
589
25172
7833
30252
9723
8171
20276
32378
15350
22921
5863
5112
22262
4699
31294
16084
23808
23713
13700
12541
17370
29782
31960
21987
29122
27923
643
3966
5727
30513
14216
17553
4088
46
31357
9264
12516
12881
10394
17024
31042
6033
17680
29374
6378
25524
10907
642
19875
10676
31579
14917
29078
102
17120
18209
19970
23133
32388
29145
1586
5389
32765
18201
11948
812
24114
5375
25772
30302
26702
25049
31184
3088
20243
16433
2069
16804
30834
9223
514
5071
12632
7517
4899
11584
12746
7161
25785
26755
10036
8294
6832
10532
14590
32316
7377
20503
15201
5025
57
20311
1145
6672
9482
8398
6043
29785
23648
9333
6888
7657
10887
10684
19234
8012
31083
10284
25023
11248
20303
27467
8508
19756
24002
13760
31668
16000
31951
8119
1969
24351
26229
13447
14146
23722
18007
5010
1358
31551
29107
6253
3367
7858
23448
20034
16482
31002
6484
12914
12007
656
2860
2686
5444
7731
32081
20775
9543
4208
21775
32468
15563
10880
7750
12597
32466
20273
3358
30246
724
13546
18423
15830
3671
2281
3487
14376
3264
22480
3016
8537
14697
24416
31161
16868
12275
11652
19267
9634
22238
12433
4087
20022
22614
7372
21142
25768
7504
19245
3273
11856
32470
30050
786
18678
8607
29463
7427
29239
12259
23669
3502
24106
25965
13800
24668
24900
8690
2342
15746
29049
30113
3949
31728
17060
23547
20747
21068
553
6373
24100
15551
30169
27644
1200
27374
534
3624
10179
18988
23351
11636
7185
32749
26158
23325
11697
26750
3175
8168
13089
28148
1780
10937
20875
19299
25832
19810
22086
4176
20736
15289
18848
30824
23177
16621
7899
27506
17789
24346
9589
14722
9712
3354
8109
26479
19114
1695
8770
8072
15126
25214
8574
6787
19547
25422
20339
5302
4552
13874
12165
9098
11381
5107
808
32556
15911
30802
29675
5253
885
25500
7862
29549
22825
23166
25679
27931
12521
6171
8995
30432
14615
9820
15940
9494
15349
20615
5550
21075
31245
9236
21454
18146
976
29628
13381
29811
22141
4306
10217
6673
16452
11990
31244
25685
20396
9544
23298
24025
21042
954
29661
17392
9778
11305
26491
5012
25611
26509
25795
25248
8831
10415
11819
22848
23128
28987
14973
24485
11601
3350
21212
21501
5171
6129
20994
23714
14399
287
26827
10897
31692
419
3063
16415
30257
14478
28459
4071
26341
24968
12602
2055
25573
22956
7587
23948
18262
26265
10075
11306
8300
29637
204
15921
11146
14869
29981
4284
5547
1451
26292
26667
3840
3584
5881
2260
28890
5170
7005
26614
31435
15263
9116
26862
27400
20658
30014
31406
30226
29181
16484
10602
24982
20360
12737
30868
18065
29801
26087
6411
16055
20117
8644
20368
278
26870
29804
8057
12791
3006
9753
3497
27141
14074
6255
4031
14513
11114
31749
31630
9684
30096
32546
2766
30358
12039
22980
18192
14736
27158
23271
29176
24109
31621
23299
15782
23382
5807
14295
26997
10574
28633
15717
5864
4826
22722
8254
27361
8614
2939
27903
20244
10724
6009
4380
26556
14646
9449
24796
4492
27854
579
16037
31721
29395
12322
18298
13142
15111
24403
10434
12336
6824
5420
843
15771
26516
27167
32654
19644
20144
5775
30517
2089
27017
16865
22490
15261
22332
18391
8978
25585
23700
26649
12202
31559
20339
5141
4144
21897
20851
20233
17077
8466
7628
21598
3538
24490
28281
30776
12009
27576
15510
30283
15789
23987
24589
8944
26853
26074
21105
12920
28781
28197
6442
2752
125
6267
6867
21253
21037
27941
25568
13818
13625
19843
7812
2584
26370
32509
16850
21558
23254
25149
15394
22617
22385
10907
7350
11469
3524
10713
157
885
3317
1041
18136
7519
14246
24555
20412
7323
7802
26387
19351
10318
25557
10987
23702
5890
3300
16765
4070
4928
25566
11955
29210
28257
20361
28106
17101
5537
17407
12036
2952
23925
12466
7581
7654
5919
4014
16897
15605
9343
31262
21564
30176
32300
26130
4786
27595
24515
29055
28944
6911
3711
24199
13186
22343
28170
9467
18983
2457
22419
15647
194
28921
26401
1965
22194
27291
13095
30492
4900
1352
8792
24097
27015
25602
21436
1911
16960
13291
19716
31452
31647
14691
25371
4956
14098
14449
4349
19153
1689
15460
12492
24235
3706
698
19233
12781
28470
3392
28832
4216
3003
8059
20943
14220
32731
11079
2344
18316
23293
28862
19308
769
29459
21851
29243
32482
25548
13919
5346
10259
3594
14964
9076
16939
11158
26257
14364
17274
19219
31261
4785
12875
18480
22103
29323
26470
5154
29941
17045
23001
25170
12811
19364
22520
3410
27951
24839
20899
18454
17883
15200
6087
28513
30483
30130
13607
3965
5703
24762
17501
29231
14714
8323
26395
18666
18596
18485
17079
18243
32341
26669
9703
16805
23452
16979
15305
9286
4903
6312
28710
22105
12203
18975
26871
23942
31111
12718
14632
21911
24484
31652
12445
4212
26527
25917
28019
29265
26922
6772
4744
24102
6319
9752
18237
18015
9527
10274
25722
13781
28043
17990
29427
25854
4248
2760
24234
12128
23832
9617
949
32076
25711
17282
30786
30152
13523
28680
14296
3277
32432
13553
5088
16819
10571
27774
3427
8681
6821
31161
31765
25577
13986
23304
9875
11883
22890
19203
12265
24537
20752
25475
32343
27140
6770
30459
32597
5653
25952
5132
27860
17606
9216
26451
30663
32466
10608
28550
31714
27049
7086
14271
8353
29801
15541
3095
2957
20746
20201
23671
1979
3544
6325
16811
18069
25383
19315
22712
7644
2370
20876
26736
26350
10916
18400
1347
25413
18027
9832
10072
19009
5897
23577
26333
25639
20797
25100
21147
22121
20290
2525
5325
1320
31814
2897
23090
11767
5149
5435
12129
8162
2871
26016
18525
13487
13007
11545
26217
28515
28006
16761
20509
25608
1904
25520
4026
19630
2125
7407
27579
28592
3962
30477
19884
15160
4617
5162
2879
14853
3150
27026
17821
17772
31708
8675
21242
6301
13744
27251
26220
10536
27819
12268
27133
26816
31814
3641
16127
21566
19329
30630
22687
29673
23580
22338
25789
12532
23050
12936
30459
9288
16163
3647
27156
17028
24345
6815
27504
2370
28589
27317
25845
4509
24866
15113
14623
11248
6898
2941
1363
26847
28865
4216
24176
13212
25487
16196
15272
24931
817
31157
910
23111
1026
7436
28527
16177
23766
30746
14566
12582
303
27817
17835
7624
2996
16407
17836
13600
27870
24388
30559
27802
29173
6575
1622
13137
14395
6107
14356
15245
24679
4344
23327
32138
5716
959
11350
22396
16635
30366
9861
28367
28319
789
28727
14003
20807
12384
23499
16344
24433
24918
11722
13686
27909
22929
7544
11153
20616
7631
17321
8827
26770
13208
27606
25498
5506
1057
31600
7019
31600
26225
25460
21703
8291
5314
20544
14694
15044
4394
2981
15265
17427
15738
17725
3452
9177
10855
13567
2275
1758
25063
19472
27956
13979
12510
26588
5630
1266
13306
15206
3849
8221
11227
25308
10646
25317
23672
21871
30439
29972
31678
10594
19458
20524
29562
24160
12979
31833
31352
8722
27600
6565
18668
17137
26304
2411
27666
17753
21054
19470
32018
20191
10843
26346
16166
23525
26562
26251
26878
29548
13376
20765
7524
19753
18564
7460
22300
7642
22307
110
19470
32218
10463
11077
2983
7667
20008
17385
23676
15988
2531
13885
7472
7300
22891
11200
11416
18870
15829
16319
7454
8670
10873
17353
14179
21282
15533
10340
4137
11348
8404
24062
13679
9599
18584
16934
14045
22207
22131
27900
3427
20822
25204
29414
9758
3837
31808
28293
5243
27512
3671
26344
12190
23661
1688
26111
7941
23414
26632
21330
6760
13941
10703
26354
24804
14888
1923
18608
11097
27389
9897
12174
7697
16423
13689
5491
32162
5361
26338
21283
11029
17490
28622
14445
11079
8898
27047
29863
15760
19021
15898
25431
17827
27878
27
4403
3253
8445
22057
3404
7650
23636
22995
23174
16844
4366
4219
5451
23941
8457
24922
8576
14511
7021
11460
29880
28385
30853
26797
20648
4173
18382
26221
476
13728
1102
9664
30376
2858
807
22801
16992
5951
12396
32504
24779
16349
3635
13569
19926
21390
10732
10159
17798
6544
31729
17344
16432
11572
25950
3251
32492
10372
16418
15496
15431
25128
13654
4295
21816
17035
19918
26819
32342
29753
28910
6432
22855
29580
17855
6291
32380
16775
10818
27113
20251
15874
13573
26443
9021
27911
29939
21184
10330
11133
25456
20467
1025
5891
15526
11063
3789
11551
12825
4552
15252
26008
11138
8019
32481
19488
2522
25785
19109
23862
8373
19473
29225
10827
22993
32236
2631
2340
14063
11228
6618
21119
9697
25655
11891
29689
23269
21272
10574
22831
9521
5287
22660
28708
29135
31898
12417
19683
28843
30460
14777
12389
4075
26157
1687
30388
16766
8747
17846
12369
16120
32015
17492
27347
16285
28891
29956
27858
21691
23154
20130
26883
24638
26088
6028
27812
22910
4092
28943
3355
21595
24803
14112
6362
32396
17480
2125
20357
1844
8848
2547
25943
9398
8034
15536
21954
11467
8551
29979
18773
29394
1870
19635
4835
24679
11796
7958
2018
31798
11394
26484
14353
21265
26615
4674
18526
30529
26215
5939
29958
2586
420
28516
32510
979
24540
15318
2194
11668
21859
12322
9548
463
5043
5480
8471
26324
18866
31113
17060
30624
6451
24214
3341
20214
1470
32392
17592
2226
16532
30513
15231
27993
30190
29298
10253
31732
32646
7855
3211
17951
8280
2944
28797
21085
11690
16041
29158
30894
18762
5453
29107
28004
4375
17758
24406
28210
26562
4952
26546
17798
15062
4143
2871
6168
27126
29573
24398
12483
13158
26145
32503
16021
18894
20637
28336
14626
30522
606
30618
24349
29028
17610
15831
809
17206
11956
5686
6892
28555
19483
24338
17509
12598
28181
24695
13696
31813
14086
30599
18920
9351
14101
4380
8989
19787
11489
14255
3782
1643
15983
14457
10056
14985
15976
9175
25239
21145
20865
11507
845
12959
2106
11425
8185
29626
16587
19335
13497
32610
25947
6017
29451
28654
23156
2116
17376
23129
12724
14145
12274
25925
29893
20172
8792
20800
7311
29821
14679
22087
2219
13014
6524
31368
2843
9767
30439
18028
23609
28847
18666
31189
2798
14852
23507
9893
15652
15797
13573
21631
21630
11565
32078
4561
19270
26842
25972
5650
23975
21647
14609
22856
21276
19239
5025
17614
31784
30060
27610
24916
14408
2103
26940
9767
6182
11736
14312
19891
28687
7863
20149
21318
28327
11580
23425
32278
3035
18669
18885
7558
25624
15574
5996
23205
21434
11566
27622
17143
26312
6199
9592
28793
28894
24166
20694
29407
24938
5572
16115
24096
10267
11412
11544
8756
15767
7990
13108
4124
9325
17739
27763
12324
30282
31258
3601
19813
20847
9267
24689
23181
14946
24657
20073
5091
17892
21381
32480
645
7972
26769
11420
17652
15922
31890
12373
16595
25270
16099
28942
8684
9954
18493
11941
19060
16037
11555
23208
6288
14114
3965
29546
9496
19040
29571
5462
24474
6979
23516
13956
11170
28091
28935
16522
25400
12091
14331
31893
25259
25453
7178
1464
397
18724
20491
13699
7423
19346
19128
16088
5935
5051
25173
27386
28702
20009
19347
11495
23463
30945
32691
32488
30909
19863
19950
15974
3572
7198
7189
31231
28482
10530
6773
26073
28935
25881
28413
27190
3148
3959
7075
73
6216
6689
9219
20809
15657
24869
13897
19395
1041
2728
23378
9012
10334
8992
29198
28119
3630
18883
31273
21692
546
318
29162
2586
9827
30891
19291
31206
12515
24765
15530
26788
24294
8510
28623
29822
16832
700
21871
11411
18656
8319
7936
12945
11533
14014
9263
6790
8432
8466
14206
31987
27347
7466
11826
28451
19368
9665
8044
21946
22349
31181
7830
17809
8718
9209
29952
26305
26476
5718
7883
3582
3612
11853
3847
39
11603
13529
32536
5146
30529
12019
19806
9933
11483
4685
12053
5531
32478
12866
14713
13019
17
30989
1582
26807
3274
16698
30432
32316
19379
25435
23591
12973
11214
19452
941
8989
951
11737
29074
11836
13866
9294
18703
19058
32708
23054
10330
554
21006
2072
31690
2673
24503
24807
3132
10175
15905
15337
19637
21780
16416
5427
11081
24903
28158
13683
26939
30363
16066
5670
15973
16532
30385
22027
19418
9225
20246
20951
8651
15737
19263
13610
23719
6563
24264
6082
7558
23632
18716
31471
25032
18804
19000
15174
32249
25717
5298
19098
16376
6603
8442
17960
31833
9929
17889
15634
2823
13242
14935
15119
30510
21552
25721
27488
26200
24985
6603
26630
31446
25619
13505
2354
13665
32130
9093
18685
6657
2783
21492
3929
7214
28627
8425
31303
5685
16516
9407
30283
20446
15791
5393
15133
22604
22263
3012
162
14116
10108
24904
26
14578
8368
31770
5531
23240
22374
14734
5566
6440
10028
21451
11160
9763
8155
26903
21228
19139
29036
2133
17054
30631
18957
26315
23403
18669
23156
9001
28376
341
29812
14791
29288
16546
30670
3631
29458
31044
329
11739
23794
26933
4101
12352
27455
6689
5388
22539
21629
11465
8490
22954
1780
29609
9471
27406
2400
8408
30546
175
21482
2865
5544
23505
13655
20144
21269
19974
6272
19486
26963
22005
15874
19441
8209
31065
15926
18542
32397
77
26468
8976
15205
30150
19507
18733
24235
4449
5732
3031
18999
28255
29120
12033
7233
13293
9039
29666
8239
4777
8395
8863
16811
15203
15444
22308
13817
13088
14437
5458
20359
10341
22535
26720
12230
11698
16197
4475
19257
32076
14303
2480
29644
10815
11843
23308
23910
25252
31416
5378
20673
10016
19165
24588
122
7085
16210
29845
13412
21917
4533
30999
16162
19164
22224
2945
29173
18037
12560
31195
722
1623
1849
28204
6328
26202
4953
4508
29248
15485
24059
27350
23158
19057
31132
31664
24551
26716
4707
25102
507
19671
9740
3
18565
5688
30758
28474
31129
30999
5758
17301
24990
14347
475
24851
24995
18613
20203
26871
14327
18944
21374
551
14067
12198
13298
210
24091
18167
25838
12629
2406
30934
30036
19040
10969
27908
13424
19028
16986
29345
2166
17392
1988
20975
2347
24109
31543
27482
13026
2918
20402
18357
17834
15292
25571
32199
9414
3769
15677
4358
19037
18484
14668
11682
9075
3188
26949
26053
26648
10136
19426
21530
17375
25653
22892
18316
25234
13634
5657
23632
13604
14129
7833
9765
743
19551
25324
20442
6911
22702
886
21521
14871
24688
1109
13124
30803
3720
19186
19205
21381
26059
6614
12938
10659
8621
32448
16488
14201
2585
26356
7583
28571
16032
19925
2519
15774
15574
14774
13545
2439
9721
31470
20897
3972
2004
24874
17859
24538
11491
23304
6987
6943
14264
13281
5881
16041
3485
25573
6157
5446
21627
9838
9552
8237
2043
19086
19283
3125
27114
29162
12283
1861
20962
12748
32573
2572
8231
19059
5415
27122
22479
26798
2336
18254
9254
9641
32368
11225
19792
14598
24067
28003
24624
4399
23913
10436
3465
17899
30498
26902
1123
6448
14361
20257
19377
31289
1646
19735
24368
16087
17784
19074
5010
1804
31499
17530
1500
32470
23030
15899
6669
29257
21968
5430
19712
26592
9205
3911
23955
13589
19915
12967
4361
16687
14410
16387
5805
27228
17595
24589
20152
16639
28351
22897
30837
3403
2964
25355
2979
21265
3732
26199
16667
18390
30462
17961
3763
28457
19193
32158
6753
20788
17366
11090
26788
32656
3990
23763
18975
23646
19372
11862
19591
22419
7428
4777
12992
5779
2371
22377
14403
14850
30033
14709
9155
13782
27925
7586
27920
28593
6271
16817
31291
5999
460
31102
14331
28154
4357
19577
4431
28262
24777
1882
2661
3386
20557
5649
699
523
30369
14844
25220
20304
23349
28765
14157
31857
6043
7435
992
13857
18062
19816
18281
18670
25652
10130
32727
10774
928
23006
11141
669
32155
7810
3610
28828
31908
10129
15534
29404
2613
1837
13614
12963
328
26616
1281
8142
2586
10699
17131
4896
815
13995
24626
27354
31638
9208
5376
21900
8814
29672
27657
16170
20393
2868
12653
5218
2576
12049
18656
20525
11911
8034
12040
1957
7315
8492
10790
26646
3097
3402
28153
23383
28777
14178
14048
18011
3194
16663
8254
5635
7287
11648
14882
3638
14459
18649
8744
3892
21658
14457
9114
17703
544
18180
8923
30204
22045
16610
22534
24944
6433
29936
7378
26478
9284
11637
20921
26776
3945
13655
7769
5412
5316
15759
4378
7657
19866
14042
25105
31673
11336
29617
23844
16626
22407
9852
14191
10576
19182
4099
21479
23557
24761
29221
15165
5132
10440
6860
19206
8890
12523
6944
24600
150
8796
32507
55
24682
22669
6301
18161
30874
21796
13474
6598
30389
13636
18993
26508
20810
3087
31605
30482
27645
18025
31313
2308
16857
31742
9551
20750
2536
20870
28890
2628
2561
20552
28846
10946
3042
22236
5516
31375
10367
1846
29490
4552
23961
21984
8842
506
8593
7815
5154
11983
27007
25017
26332
6637
21887
4077
5863
9755
30539
1476
6381
5541
26383
7566
13710
18434
6776
31248
14606
31413
12814
28293
19274
4465
12485
10210
1009
10624
20942
31582
3824
31846
28851
32306
29998
21953
14243
19101
23930
8307
2059
5676
22978
20227
20838
32056
5253
9025
19029
10160
29322
6441
16370
11033
31955
30986
28513
19922
9933
21736
7593
3997
17609
29982
25026
7003
18095
30791
21744
1559
2801
10847
7503
32582
23999
22310
1710
22093
30842
7109
7584
31044
5482
31668
209
20730
27571
15579
23703
7737
10117
20216
17609
15435
12948
16960
24788
27836
24776
4425
7691
4194
21813
16935
23615
29083
13133
8918
18576
982
28756
9432
23170
15445
22805
7198
10068
26673
8148
25900
32653
9118
1667
13945
2775
22128
31033
8468
22032
23006
11487
1165
1951
11142
5677
31251
11780
20914
19669
31450
23731
21722
12029
17856
2851
29290
22771
18479
27170
27844
17692
3653
9067
7305
10286
32306
14202
10005
23967
25314
28063
32328
30814
2525
2642
3468
19392
30827
16326
14355
189
31739
3265
3169
2908
6597
32170
20747
5228
8623
996
20158
11125
26733
22362
31618
21742
27885
5723
27456
18608
27890
6057
10626
29867
11519
8908
24699
6104
30582
684
28999
2414
5889
9823
24948
89
20529
17472
16832
28392
7781
13121
29220
18118
14318
28290
26386
14635
7536
30498
21500
18259
14475
2133
24341
14128
19899
20918
16987
16476
17789
11231
32213
1361
4276
31543
32537
11484
11338
13580
25106
12239
2074
15074
12032
12023
21774
10
14784
25933
32388
11638
1614
2672
21239
14283
22152
14675
8155
7096
17717
12083
17608
13447
4677
30413
475
24817
1114
21453
1370
27191
904
649
31894
24942
20825
8175
11286
26394
533
19900
21233
4351
6976
26352
23932
25140
31587
22654
11045
2425
28432
29255
27551
22986
5920
17481
22336
12597
1087
23572
18087
16872
11179
30334
28065
29070
6456
31128
15694
17116
664
19169
12671
32102
8153
21945
3427
1976
27951
22040
19299
10146
14836
15231
17482
7379
10477
14383
20905
18857
1487
20634
28538
24136
5121
32535
8451
14826
15012
16345
7421
30326
12753
6434
1270
21075
5409
29620
11252
27774
32627
22409
12379
1754
5097
24771
27920
17096
6196
230
1503
3064
1042
24645
4890
9599
10772
29626
12419
3369
23973
6810
29548
10512
14920
22760
3101
29549
28705
457
5750
6319
14775
26168
24022
15306
24312
23547
6203
21714
27006
12502
23722
24008
28176
24062
22737
16820
3948
4048
2539
16883
7747
21955
31972
17875
31366
3740
22973
18525
6624
25825
15923
22642
22404
28559
11163
24346
28968
19215
3089
8216
21841
15975
4817
10434
9938
16558
31717
8463
6543
29378
28417
13042
3207
24893
2475
31718
1298
8868
21662
15562
28518
9698
10353
15344
18528
17653
17780
3441
5250
28648
8923
13763
18488
1025
14622
23181
1375
9019
19359
30137
20999
8182
30094
16075
11384
20718
32265
15986
8308
24938
14216
16477
16828
29110
28281
5968
12246
7122
11047
26487
1804
12396
19168
27386
25272
16396
13399
25809
21695
17551
11079
13786
30300
32470
1881
18473
30239
23743
21064
17567
18229
31572
4419
18110
21993
6467
15763
699
25963
3471
12413
4565
31440
5764
1642
22758
31067
5360
15685
15672
21499
1936
4645
7065
30740
23241
25132
13746
21890
24728
4783
2452
10204
1228
17558
18324
25845
4467
22278
23129
29865
6034
32062
13619
5590
20505
27583
23726
5288
2325
24752
23912
13850
29480
2944
9503
31929
25398
6093
29198
10923
23650
24453
19578
9457
30265
2123
16008
7145
29484
4124
15953
7447
6980
3378
32312
29220
12049
9512
6012
28967
1764
32608
17161
8740
12862
13986
5268
24018
11143
3589
27622
18850
29699
27923
4216
21756
11267
26408
11073
7116
31576
21019
4812
21053
24077
12320
7565
7620
10582
28909
28277
32609
23747
19996
28612
13090
5049
18129
28703
10472
11043
32412
5602
31341
28517
929
7351
646
26257
16374
4456
31142
2782
6732
32753
15268
2390
2514
18394
6846
22734
8534
2755
25565
15643
21933
26945
30747
2691
854
488
8066
15730
30554
26281
30998
14958
32630
31839
11286
19021
17788
30884
16000
9894
31223
29161
13523
10885
4622
13766
24344
31587
7339
22926
30499
15957
29404
14631
29719
11651
18297
22552
14120
8668
23047
22756
30117
25864
20700
32407
1077
24478
32388
27806
26465
30616
5732
6363
19794
13060
5277
9209
21724
29436
23859
3069
17852
23255
22127
27934
7710
14241
641
17623
6499
31689
23658
27450
5152
8986
31769
13959
29034
4844
17876
31997
25937
19100
10458
26864
18602
30777
12615
21276
23058
17792
28983
5945
4143
28939
1326
5840
24889
1989
14264
24140
9145
21153
2124
8276
27793
19596
6518
31576
3645
13472
18998
15722
7512
4250
32419
6736
7778
13198
23507
2007
16576
7385
31487
13418
19204
17240
22499
19426
7279
8407
32356
32416
26548
4556
15221
32473
2815
23878
21819
26674
10550
31008
3695
17805
26751
24186
30981
10530
31234
617
23563
2769
20208
18158
12499
24758
7876
30757
31572
9727
8905
10687
462
17402
10972
2226
10157
4466
28531
29999
28592
23612
17630
30933
26954
12557
5069
27940
3401
21903
15123
26164
19893
10419
16041
13735
23803
23880
26614
6620
28746
17101
15181
28005
318
4227
26296
27324
21180
26311
3572
22577
15645
31391
6076
12327
1422
8083
24651
6528
17590
9150
29980
17494
8346
12836
15860
32492
23998
12102
14114
5860
2957
17396
8453
23218
20475
2659
18640
20304
5737
4479
20106
28211
9673
10882
3161
32639
25090
13510
767
25719
15510
23511
28581
26167
6274
31693
28376
23717
9574
8153
20689
16805
30181
20253
761
1164
21839
7105
12972
12760
8317
10307
3389
17182
9725
5902
16699
11075
20848
6223
9459
29423
9775
2564
9782
31039
19765
24149
26461
11450
14905
15400
11657
20615
11290
3568
1072
8669
3200
29381
14805
29114
29377
17850
6678
1752
19969
12139
2284
23517
31390
30165
25391
3537
18123
32363
18520
3798
10874
13926
12683
28947
13952
21852
31189
24050
32499
11796
15282
3467
1239
409
10194
21088
25338
2189
14620
3402
16925
9920
27124
7603
22612
32001
20153
8710
30640
19764
14738
7268
28698
25765
19307
20377
18562
156
5690
26702
4922
24882
13447
18047
24988
32354
31275
31536
6899
4963
8792
20060
15001
29749
7897
24879
14684
24955
27803
16501
9766
20104
4461
31569
12766
19900
9988
4658
12937
5905
5954
20995
25013
23793
28088
28578
23063
25419
25193
30612
6259
3301
464
26103
956
21236
5669
31415
16509
23274
13789
7685
21367
7823
7024
26885
22411
23123
10846
9927
19163
13794
17780
24953
14125
23290
23115
20443
14736
28281
17939
14067
11585
8123
30606
5121
32207
16930
29279
8885
25726
9462
6021
5024
5353
7536
22307
1769
7404
30481
12162
8001
31681
15928
7512
16664
13417
6388
24907
21009
24398
8727
16049
3252
32550
31372
6042
15460
7450
1258
2576
30096
28712
32584
29341
7725
5062
28500
30734
23139
4552
5279
1143
12678
17283
21819
20343
32585
20019
22664
23997
1326
16026
17483
6603
12353
2026
20480
27130
26374
27109
8818
26559
29616
579
11656
7212
24211
3412
31842
26042
19676
6630
10148
27461
14208
13417
25618
16472
3698
19793
24414
7851
7193
24252
24381
22762
15617
5461
22208
27320
16337
120
26082
18932
381
3479
30558
23867
6588
21212
28867
15278
11197
27919
10441
6645
12053
29883
6118
2180
17661
20108
30493
26396
28090
23292
16663
12693
12892
18734
18804
2524
5803
4378
24163
9016
26463
22763
10352
29393
14479
18853
15518
18802
10348
5899
5302
14990
14895
16064
25054
29825
23888
17068
28013
28185
29945
25249
31742
3413
29626
6463
26308
11116
24446
24597
24349
6673
20926
32520
4201
3574
18420
27385
5148
4751
22611
30626
27666
27416
7861
24769
30499
1241
30165
28281
5112
24233
20670
14581
26140
2481
18563
20302
29014
10098
12849
17839
32567
2314
20738
28343
751
21426
30931
17438
28517
20108
13528
17052
13190
15772
18063
15622
20700
28179
4338
27323
16483
22484
17393
13630
6553
30769
23583
2340
12245
18933
19116
11825
6617
32424
22931
27326
22442
23822
8212
30301
2720
26865
7013
32704
29625
14368
16293
18903
11314
6328
5393
9273
19545
27810
13690
17093
29853
24157
15863
14473
27879
21246
2263
6627
20013
15733
17369
2533
27204
14097
13984
14078
26101
327
19809
2775
14676
21679
15327
4476
2637
8527
19609
23484
5504
9244
12353
24786
6479
30142
24945
9029
30516
30356
28826
7436
32600
15352
19517
14070
6754
25284
22877
20297
17805
27412
28724
5033
5374
334
4389
12860
12372
22624
26098
9740
32128
31049
25391
8877
28119
11227
7670
25375
8549
23743
10717
24565
21637
9401
4901
12471
19375
21805
18740
7302
12688
11747
3397
7678
7008
8199
14687
24161
10096
17012
29571
27633
27138
23346
8490
12189
7262
8764
12015
26080
16930
8583
136
7911
14554
22081
7418
2546
26064
30550
27405
4092
30246
1337
4606
414
25889
1761
21109
23601
15560
6162
27574
27187
17582
11485
24859
17131
4876
11882
13250
27984
13330
21749
25731
10792
23423
25367
21029
10605
21616
9799
18385
12020
9077
24736
20422
27217
3818
32741
7759
1525
389
17858
10482
12697
31531
17748
15851
11232
1032
23020
12249
3895
21982
31504
27062
26112
12189
4547
32524
18929
1845
13063
3174
4790
3496
25503
31749
22494
14691
18713
725
18932
19150
27660
27040
9964
32546
28575
30336
19906
25979
25162
2714
13661
2606
3041
18441
19129
27740
23758
21529
31301
29127
25245
2486
26762
19685
26047
12324
7694
2355
5255
2544
10872
12748
24441
20518
756
17978
27332
28100
8153
29068
14605
3951
7562
14248
29550
23397
25754
3299
29375
26035
7475
3023
28180
13480
29112
15700
29318
27017
25769
9987
2103
24966
15815
5030
10384
25325
21113
18972
27085
10910
11631
9828
956
28095
22917
18679
4545
9136
21482
20571
13854
11329
27009
20725
625
9763
903
32543
18814
2461
10103
16250
15919
23424
11818
4485
985
3165
30275
2159
5057
22517
5578
17962
7135
14577
20247
11457
15074
17620
19698
14827
15732
1069
27128
16608
16574
6929
1857
30315
24111
21960
13887
833
17529
28103
14825
4241
25053
6878
8985
732
937
17587
3123
22279
3839
26735
14344
21935
14039
1719
6138
4284
21319
11742
32096
24377
15875
29785
31276
19299
22560
30579
13515
9983
7453
12866
13132
14833
26403
16601
25029
16139
18572
25535
22514
8995
7843
22432
8736
14952
16810
21827
4425
24566
30242
19900
22145
13223
838
14051
28048
27180
4825
31748
6881
25437
15905
26328
155
31438
27700
5300
3853
18083
25970
19457
21583
14501
16467
17900
28454
21909
2915
16478
10537
30400
22666
27695
31778
18899
3473
2967
1719
753
7650
21733
13386
29955
4495
28019
7197
1103
32150
4313
23482
10061
20836
14433
28818
27061
7575
22203
21732
9693
14344
31730
25568
26690
24841
30111
18701
12644
19947
16221
32488
2520
15556
22396
8398
7320
30062
19450
5147
19357
23507
5038
19604
29360
30568
1991
12290
19581
5112
4469
23840
11753
24483
24550
22967
2981
10790
14964
27656
32259
10589
17181
9066
14089
26374
15667
21556
7877
15303
11348
2781
2527
31603
24477
14946
15989
13961
15643
10728
15138
13565
24962
26019
29792
3643
26658
14070
31761
618
28438
26588
18264
30957
11199
21894
1709
18480
9073
5702
17457
10913
23659
13995
15422
1276
6925
20974
9283
25036
32581
2444
21455
17967
5707
8245
1003
17369
13454
15333
6317
27739
11246
4945
10506
2469
12843
2692
14572
16330
2973
714
22916
31748
20006
25037
9186
21752
20582
5118
16835
16443
6445
3638
30890
16660
25398
4765
27442
29828
2322
15564
1186
7811
28002
6446
17090
7309
13129
19372
20973
24925
23329
2441
12136
24057
5997
27274
17906
31726
28175
21851
14492
3293
31164
2862
20443
21302
24492
5797
15580
2116
19862
8690
10007
874
5083
30781
14375
26284
12290
13893
6617
29808
23396
28235
6787
29318
29224
17196
27543
15975
18034
16077
11895
30394
13272
26555
17291
24093
1814
23059
3986
23329
3586
26528
11061
14742
25538
836
12514
4362
19772
31641
7383
29836
14798
18647
29565
20406
15423
29177
8696
5354
4086
19739
19708
8411
32362
7975
482
30543
14554
24240
32251
15652
31294
7710
36
5009
1405
24844
22682
14511
21472
24814
11024
4408
1991
1271
5887
32654
30619
4410
14910
11263
25859
20751
16850
8775
13403
16568
32007
26710
14434
31300
9920
29268
26162
27060
22795
6115
1398
3165
24312
28324
12503
16269
22700
11772
15031
25201
26033
24
18978
20278
18832
25646
17409
28527
16034
1542
21649
28599
27427
11962
11540
22167
11400
12986
18887
682
11538
274
21523
21502
30628
14320
29959
1214
32210
25184
11270
29966
17466
17243
32189
28215
10519
20992
3928
8452
30995
19233
502
25452
18013
31745
8794
29040
13820
10844
16611
13639
14179
15784
17854
23225
23109
3483
21850
12745
13994
31213
6428
9366
6979
12127
85
17539
30202
15868
3441
12950
10958
25759
881
26398
19678
13749
1947
7321
28099
31044
2927
25044
30499
28717
4830
5972
17027
23726
10935
23541
25437
29738
9058
11473
22387
7725
25552
15459
4450
9387
26802
17645
4474
14728
17385
23062
205
30045
12350
32216
646
13178
3412
31897
12157
28455
22490
21656
28680
1584
29189
11403
10259
1184
20542
7559
26995
24012
24088
21535
8311
13971
12164
19664
28352
9445
21064
12189
10323
2178
21421
3830
9965
24836
20088
3550
26519
17696
5404
12621
9849
24361
19502
24787
27891
4821
2329
23167
17898
12356
18707
7679
3168
22590
21584
4872
2120
30141
24949
28409
19864
28843
3407
7611
4511
32236
31429
12779
27289
12447
12043
8251
11649
12449
32281
18965
24102
14931
7004
7042
25985
19358
8875
16459
582
8756
11644
13406
10169
28440
18520
13170
16067
25440
23692
19438
32069
31290
25122
6407
18348
9261
28175
26665
20678
14241
28846
19865
27604
19106
14445
27736
17632
23009
3271
30026
29520
24827
30066
8599
6844
18430
473
11346
3581
18986
9420
3929
10374
14836
30838
1916
20984
18001
32400
9185
24560
9520
12501
25766
18979
18248
30134
11465
25774
30997
19790
2885
5287
5405
19096
8062
13048
11128
11488
7391
4461
17039
11639
12738
22027
5412
21931
21904
8356
29075
28918
16937
11944
7767
28534
7302
28990
26575
19613
4253
18835
15170
20010
25732
24434
29474
12120
18138
17942
14477
3157
23651
25404
7705
8693
20722
19580
22481
13736
28556
3800
13435
14762
1482
5270
15389
377
5759
7499
6079
6796
8091
31801
9841
7490
30543
4314
25488
2585
1138
11709
582
1824
22052
24977
25168
4527
24241
22144
16900
30805
21944
15294
20882
12562
1420
28001
2954
24518
2010
20083
30366
8426
13708
2373
13482
27774
19950
10759
753
9538
6415
18326
4009
10281
2411
11925
18619
28683
8390
17087
1988
8602
7259
2683
16223
5015
11318
6321
3494
10054
14815
18653
22518
1311
568
354
21491
4550
1704
28704
8652
12093
6521
30024
23489
7769
2431
12399
16098
5234
12539
25570
20761
22879
27582
8762
10346
417
14482
31280
14202
6367
2517
5298
17230
20627
2407
31030
26198
1794
21447
27726
17578
14961
28280
7292
21907
15510
32170
4424
26189
14925
32022
4241
14859
27532
42
28193
27452
32665
15718
31108
29197
6522
26886
32281
29743
28846
8929
2409
16858
27162
31633
27576
9234
15686
21716
9946
24617
31177
8498
16200
5253
258
18144
9075
21155
18441
10725
7512
6748
30181
8571
597
6759
12800
23736
5435
23072
14040
31341
20132
12423
31990
22607
32647
11404
4644
23892
521
21130
28891
17248
27798
21265
27643
9249
31537
7912
702
19767
8968
31826
12527
8089
1100
401
3927
32308
11839
6313
22649
4053
27023
28774
9599
22600
31970
32416
30579
27842
8114
30654
24754
18300
3931
24441
25246
32417
31346
5859
21396
25194
13913
2983
24862
18055
29456
27794
617
31426
24910
1874
28409
14047
32465
13182
28059
32198
31986
28375
3995
15332
30076
3790
11320
9422
25022
11078
12373
5159
2015
9882
5745
30149
21106
30434
6873
30991
17994
5234
28
5033
2704
12708
30656
5972
14098
8152
819
24335
23774
1464
24836
22402
32016
19137
23123
26269
25064
23551
1159
30333
3616
11799
19263
10127
13948
8331
22154
28151
31138
9786
8538
7731
18988
22310
21558
11515
16124
20346
14384
9836
15823
32716
22039
8294
13333
21151
5613
11315
20993
19244
29339
2921
31708
354
5604
11281
26014
7979
28824
12296
3263
17137
8970
934
1099
27489
18883
18334
18229
20590
632
4645
1261
19865
15674
19287
7220
16752
11757
10454
14384
1621
29179
3252
17339
26753
15946
19347
9985
15689
10603
7690
842
32671
26132
16715
24852
5595
464
2819
1125
9404
31733
29826
23391
5033
18646
24860
15125
9789
5435
9167
24221
20227
24078
2086
23655
8062
12375
25180
1484
31085
9579
27333
25834
25932
28511
26730
19632
12830
2499
28403
12085
17002
25229
13259
11854
10884
3924
15998
6751
1037
25279
30822
21361
6845
30268
24454
16517
22112
31733
24758
20776
1567
27904
7425
15688
28929
26581
7755
30534
20402
21254
16182
1100
4994
6186
19015
12001
7856
2842
5189
18363
20969
20833
5602
26836
4876
24045
18590
28352
12592
21771
19175
7229
18920
27794
3973
7180
5062
7261
7221
21759
12829
13055
7060
17492
30219
8883
17983
21057
12471
6802
26425
21712
31448
16393
32653
13549
5495
7305
19764
27069
18421
4992
14648
15922
24399
29833
28954
5341
12961
32223
12146
7683
20713
25368
30677
13298
15374
11280
18939
20885
21793
35
4129
22343
24034
12703
19629
4581
13190
7544
19217
14375
9911
13118
22513
21040
5341
14669
17544
16227
9884
8516
14664
20089
22429
184
7104
7120
11154
553
3011
10758
13428
25140
15303
26823
19983
19723
10379
7651
12993
12323
29693
25764
19839
21548
26458
14174
27928
21318
24727
14151
15550
16242
12032
9865
9666
3398
8991
18582
32415
5862
21983
7356
11066
19247
27377
9977
4712
23861
21103
15120
3249
2032
19903
32220
12372
14898
15291
4325
7818
16092
28686
7217
13839
13650
6625
10845
20191
28204
32184
2796
25405
47
1686
11998
18938
10619
29288
13188
26100
20741
7584
3988
28381
15432
12833
5753
14142
19768
15707
17900
5051
23672
29111
4552
18328
972
5941
8730
6780
27857
28499
14200
31605
30700
4146
10645
21821
20352
31476
13330
30652
15204
29032
1430
15053
18580
20201
17696
15941
6438
26755
412
27442
28800
14424
16309
6752
20425
22594
6635
1058
13981
4026
9957
23886
23557
30969
6664
17802
29606
348
21064
27334
21304
18701
19262
1546
3130
9696
9339
5490
19940
19835
13085
30583
9054
27322
20896
19311
25135
8786
25078
15191
23800
19124
13785
4817
11874
23348
20832
18281
12373
22122
15312
22044
29547
13272
21173
6683
19108
3278
21298
204
16219
4235
3478
16146
376
933
30511
27598
10216
20139
3683
9126
21834
24584
17660
6661
5355
25898
25796
15202
1013
7908
8786
17606
6883
21777
21027
29832
11064
11643
29677
14427
25969
27131
2095
31884
31544
20961
25613
132
12762
19093
30555
21652
30971
25471
14584
25842
22921
22821
11613
13822
20718
21395
15221
13770
27786
25600
17328
18138
14688
1454
11603
26664
23567
9746
24082
7787
25861
30773
20448
665
13551
5978
14598
6571
1395
15585
31346
22944
27170
3435
18514
32708
23976
16703
16610
7218
12102
11245
25986
30360
25731
26417
10764
12346
25374
9497
3684
18234
30534
28010
30289
24342
2573
19009
13195
29298
7195
10230
30229
21016
22687
27717
5836
5437
21644
2224
28737
24326
19969
3103
14788
7498
8
30666
6337
9370
24196
23384
23632
19838
20069
31816
5895
30466
11806
3217
2834
4721
16985
13445
7302
7265
23273
29691
15859
9967
17408
7853
2873
22860
22434
30687
1692
2169
17241
12610
11290
19790
22059
20759
20219
15297
27337
17303
30123
8037
16905
7059
10181
24881
24982
18008
25200
31363
19174
14037
9966
6500
7789
19456
22386
23054
32529
30325
22066
14764
18909
24928
6846
9824
30201
8862
12688
20618
12506
13855
23012
8520
2742
18575
13770
31289
18235
5429
16505
8839
9856
23323
32486
1316
14908
11631
7829
9299
6966
9001
30383
26219
4860
10734
8022
8151
3544
52
4917
32354
26880
6824
3931
14770
28941
30924
9545
11537
9390
11493
13129
15988
3998
6932
14082
14005
20947
13251
11850
28452
9977
11586
31291
30782
542
178
30857
7612
4527
11811
18194
27600
16291
3065
26039
6571
502
9620
10859
32066
3929
27952
15241
27730
19496
17673
1131
11937
924
9155
22584
25992
16706
22538
14077
3246
24235
12150
26880
30742
6501
1201
25681
29532
17707
30939
12449
26171
28249
23597
15703
8787
163
2525
24033
15913
17925
15170
24648
8560
20989
5689
29192
9863
11513
31431
18206
30018
21515
21504
14178
31469
24804
28711
17943
9102
28160
9238
18369
14443
2846
15840
6710
1996
22003
2742
8952
14850
2847
29703
1986
30632
9056
30699
21857
17705
20742
194
2245
14211
29095
24600
11864
26186
18451
28877
2959
16111
4746
9330
1726
7490
20781
32757
16688
19766
20659
19329
6007
23012
19805
31136
31745
19923
16940
2467
24556
18551
14417
26947
7707
3319
10981
6536
7306
28212
21210
6890
6110
15366
28466
25783
19777
5576
23918
27572
30316
17944
5706
31751
19461
3032
25255
27220
556
29816
23753
24615
29521
11128
4546
18322
27976
25384
22318
6679
21663
15027
10529
5831
4655
17755
9310
9132
32497
5894
28874
24165
16915
31226
12320
8208
21835
12773
17637
30829
9068
28704
1439
25663
30007
23860
12354
17142
8307
23454
12779
20364
11584
26575
5840
8365
26024
14711
13943
29722
887
2563
28711
18767
28748
9316
2973
3940
19441
8723
4607
27185
11496
31058
13078
21173
20294
16564
2743
5817
9669
19423
23170
31664
276
1425
3024
2274
16753
10977
3558
15561
18042
19400
25711
12731
4416
13535
31273
30154
19614
9834
3038
6633
12233
31894
16278
15440
28455
11519
15371
4641
12133
15733
21597
13387
11972
6144
7175
13230
6323
24609
30482
14465
14243
11611
31368
12529
30999
20210
12588
21259
30714
31987
6248
30172
310
6772
27015
1495
18050
27933
804
6263
13179
28136
1762
25381
6391
5924
32606
6491
8854
21440
8802
30218
19098
29638
860
29753
16376
18982
18958
31471
29358
22453
16774
84
14936
10101
21329
26643
19198
16407
17132
8450
27697
20158
15739
17925
9814
28422
4541
17968
23105
13381
9280
22571
30470
22545
29649
15579
16907
12802
16951
5438
25954
23736
13601
20375
14422
11296
860
28620
30276
22772
585
14092
22445
1409
10127
28340
16776
32685
21261
23156
32477
25656
29971
5550
14479
1858
25809
24606
8058
17934
31503
7616
31933
9733
17695
3566
7257
25854
25616
32201
17916
24252
27685
31195
14359
27576
22661
17147
22838
7457
26420
2672
5009
31266
28994
14681
3806
8803
4931
18252
15466
31186
14847
25661
26984
16803
26474
31137
19337
17045
17366
18132
15309
27768
20327
7352
5016
3820
18375
31904
24584
3947
5660
7788
24454
16522
22839
8693
32155
15995
24590
28587
16645
29911
10349
3196
24587
12698
13800
25848
28429
26992
21780
21427
23903
4399
7927
26347
13400
12452
20668
10603
19621
4754
19371
29359
28131
13816
20825
585
3182
25747
20508
27268
6515
4772
21442
3654
6477
27635
28291
13883
29710
12820
11827
303
13403
20457
29117
13244
10366
18024
13004
11046
6582
22174
6091
30595
3537
3316
25104
24863
18173
4530
3156
23838
30172
25281
11623
13667
20950
23221
29473
26545
2995
10507
18844
16
20073
8110
672
29299
16946
31168
4447
14231
17890
32664
11875
12590
21112
11271
30660
6461
15603
14048
24990
195
19047
10423
2754
8603
19023
23528
18860
1955
11045
3804
1462
21790
15664
27527
12427
9815
6046
10293
29661
22664
21458
9607
26459
14329
4863
11704
25309
22892
502
14629
16610
8889
20284
23565
9533
18102
18272
16789
7179
14425
2955
22543
9448
22817
5721
4731
32355
26289
743
25422
17839
27583
18990
21619
16027
14380
27279
24720
22467
9332
11694
29066
16136
9289
132
10315
6719
27771
4528
20931
14374
12315
10766
11564
19868
14560
29579
26515
4881
24265
8760
28820
22075
8964
13213
3173
21514
29199
14415
18198
28383
20765
23493
11542
5369
31419
7783
27898
27439
11955
30184
18042
4069
14641
18390
27324
2617
29988
29295
12758
14717
19943
22455
18830
22762
1057
7879
16739
27538
14826
8040
6098
9367
2607
11232
11474
8091
12119
11532
15777
32119
32038
17583
19906
14640
12770
27146
8519
18727
25269
13485
11340
24719
1875
18828
7108
25892
26844
7765
23416
27930
30724
1793
15692
22868
20081
16810
9668
24535
24421
29852
25032
6782
7068
21166
2468
28143
3192
22995
5459
23757
10843
24556
1533
6960
29268
25056
18622
30290
32511
18671
13993
25739
10406
6723
22029
20863
28844
17608
16630
31382
15404
318
21751
28588
8669
30861
4135
3082
20281
9304
16234
31637
18654
7636
25074
8262
2612
20187
26117
27610
18512
14652
8960
459
23576
18518
13468
13694
6056
24805
7024
14526
2805
8987
18103
3689
31664
4851
27476
5481
5230
6850
19475
16358
3845
7182
22322
19130
24121
676
15648
2342
6808
3557
25732
6339
13986
17505
24449
4539
15917
17831
17976
1848
9480
28250
6799
27677
26847
648
6449
12277
2654
21048
7127
10280
8601
3138
28869
6517
4524
13156
19351
30108
8094
27025
13117
8539
28812
1420
4421
22172
13059
9910
18008
30445
30637
15141
26632
25136
32048
11253
3017
9620
29523
9187
17212
5828
31075
9239
11700
12126
23509
23362
17139
15526
21804
29417
15156
14204
22045
18177
14447
22667
6385
15291
5336
15556
1068
9633
31400
11787
8300
30690
10529
25647
9619
11498
2764
21024
25384
7478
262
21340
2043
14439
2234
19883
3336
21653
7280
6924
18334
2021
30599
20463
26305
16478
7870
12708
24524
3576
20986
28948
3675
21238
19267
32175
2919
20086
28431
1189
32691
13639
20931
28761
30055
19706
13943
31763
27899
15676
27385
12276
14679
2915
9493
22832
26425
29766
17684
21111
13270
6226
8579
12468
22212
11738
16438
10234
8983
11695
8332
15547
17355
11761
31475
5436
5986
24356
6575
32581
28365
24454
11992
32285
13200
22688
19362
29878
14626
6940
23778
16420
15762
11478
20685
22099
23920
32054
18946
15610
32491
13244
971
27851
30775
19676
19359
29933
30002
30989
13292
29355
24646
29213
25620
12654
21137
15047
10677
1768
20291
31879
12078
16275
20040
30637
31583
12122
23080
14769
7856
14997
17707
3526
12628
27451
14784
23473
1743
26195
10783
26844
15029
21932
25390
12198
31413
6606
18081
16638
12759
22576
28774
25648
30978
14764
19264
26878
28865
27951
22706
24563
26694
17077
12318
11508
30128
29301
31022
10264
25481
25688
25971
16570
6035
2992
27980
22220
22212
11047
21514
15981
2703
5365
14161
8638
27493
15191
11713
13554
13436
9532
14550
28837
17615
6977
3597
18031
20838
8415
31561
952
3287
3555
27252
22222
26637
23583
18537
10804
20552
32096
21266
19006
3685
19872
4813
2266
11104
30076
789
21425
32279
20712
11870
28783
18000
11809
16704
21342
30974
30947
22744
17466
8640
9693
4204
17729
32171
29282
4685
28809
13129
19553
12290
16278
19425
30359
17826
28972
20985
15619
27778
354
14618
19866
16656
26616
29395
2365
16383
4330
21760
24808
32421
17221
13645
4908
17057
27194
24053
24031
15552
29809
16336
30738
27426
15776
1420
26691
26264
13915
27706
2772
8017
15918
1293
23740
19638
25577
17503
24189
5266
59
501
9046
11638
24194
20100
24761
92
26594
17012
4607
3466
1172
10723
1115
6329
10113
12781
24332
24695
14352
31531
31703
25802
20028
13689
9141
278
29929
10493
969
23872
26232
20581
28308
31252
30617
26735
15724
23780
9312
6319
26154
7794
29596
6541
6436
24849
9316
31629
31579
29190
23026
29651
20725
6708
14773
20966
11245
25081
12193
692
29449
19539
19658
17622
21772
19783
29745
29206
31789
32643
18909
558
5577
23874
6190
10963
597
112
8047
16626
16790
11790
938
16186
28436
12505
19648
5594
25292
18214
11448
10124
18981
10257
88
6098
19749
25558
15858
20095
5093
9087
18049
21626
16450
3008
19701
28095
12246
18207
18378
5286
6695
31575
8415
14952
24349
11775
6022
28895
6586
23655
2263
24973
19205
19139
4683
13792
12615
20107
17030
21684
8058
6177
19571
6426
26879
16309
28822
26200
13711
6502
4254
15665
20852
5289
8506
13926
19961
10991
28206
1660
1567
8578
25766
28352
23441
8880
22474
16265
16346
29228
29586
20413
24022
16561
20956
3478
30566
25320
26044
3238
19304
28556
12563
13593
6119
2252
30819
30779
3214
21745
26849
11834
16739
27200
25804
300
1458
12834
27134
2387
6982
1922
18113
32416
12767
5239
4323
9079
14049
13091
4877
19634
19786
21979
9296
10984
486
14983
7681
14575
4038
27980
25543
29599
18670
24169
12786
16089
30542
3935
9742
7112
18932
6997
13752
5223
8831
7866
1969
68
22231
16940
25393
1667
15131
27801
10622
293
2011
24740
3516
9611
28808
18762
32519
5685
32296
31173
30911
16848
590
25776
11555
13168
13898
3693
15906
14362
23197
32452
30829
32133
27312
30156
17617
3617
14533
26639
17348
20057
1581
1513
18238
24341
27579
21041
7882
2436
9850
3099
27100
6168
7323
28765
25701
16594
11953
5521
24997
1215
10529
26587
26944
10435
27091
1995
10901
11157
3630
4229
14923
23819
15684
2335
20012
31384
25161
1354
27447
29971
27466
14645
14832
17337
24603
1198
29947
26742
26002
14731
9705
2400
242
8520
9298
17284
12202
1521
2852
6886
10048
16962
6202
11203
20872
7438
10801
281
22809
29661
20599
13418
23041
30937
8612
15036
2744
2027
19470
740
29011
22305
5271
18692
30970
1619
14282
17235
31644
20998
24871
3100
5089
28048
11450
27914
19297
18557
26355
28578
30995
17202
32433
22289
25608
5840
23968
26408
32345
29787
6853
7333
19550
7964
15191
15028
19488
1603
30161
20917
28945
8657
11077
9024
2043
5813
2803
1894
5943
26165
5146
14138
3871
11408
27150
8337
24261
13026
11915
9989
16614
22599
22089
30272
21785
5699
11216
18807
22860
9314
29838
19508
6001
32539
27687
30809
23413
22010
2572
5474
1394
9471
17743
15594
3109
32065
19126
2160
930
16598
22798
19548
31814
22007
14273
1085
19950
5472
31659
21589
9062
30710
3626
17495
23077
18348
10868
5999
2615
22439
17710
25987
19066
1953
4666
22969
1293
5771
7376
14905
28678
2166
9680
7476
32355
9139
15446
28453
23876
18745
17551
11862
20823
11336
24780
32678
2195
11596
28885
139
13353
23556
7040
31315
32439
25827
5762
23215
12991
28087
8324
5489
9561
9608
24954
21397
14628
3011
9520
4990
3458
12952
9253
7811
11781
160
20125
30634
22052
13763
19954
10163
7475
14169
12331
2649
7826
26511
29135
212
29220
3084
23036
11682
2306
2005
23731
7559
17009
27758
30582
467
19730
9795
15381
24547
10329
18502
32197
23018
23104
15064
21618
29938
11581
20973
27222
29
2673
3691
18379
305
17442
3796
4445
19027
25707
29477
27684
7443
21554
14334
31825
32425
28251
19714
12806
8574
21307
27265
22635
2031
4176
27221
6910
17485
28719
10249
29994
31272
1725
11329
16412
1229
19874
10069
21202
26381
25851
32576
26740
26688
19535
29881
16616
650
10181
9119
12193
1629
26004
25242
3255
5951
22458
17920
15421
26062
5617
18933
16335
19201
15327
26583
1642
10416
22413
6873
28288
13143
7194
6125
11852
2327
11441
15592
5732
14845
5048
31456
25229
9607
14922
16345
3282
20836
29672
9121
22232
7548
29291
23545
32108
31024
13885
15349
19038
32227
20169
17062
30866
4793
32560
31990
7764
32158
6974
16082
4588
1419
12444
30607
31858
2564
20551
9606
3812
13286
3136
11522
3446
9055
32134
5725
9513
16190
26177
30565
16287
2413
17472
3076
18734
7355
26533
16929
7475
14303
25055
15553
3241
31162
24793
4722
13050
13021
19057
19177
3348
28747
11308
24554
1728
9088
21288
17768
29231
2994
8274
15598
7638
17494
27864
30781
31869
7398
4834
20279
5010
7650
28285
3323
9154
24341
27351
6226
16331
4889
28594
31562
17803
27677
17171
3616
27997
15846
13114
18787
25510
276
7383
855
8363
7079
8571
7320
29350
4801
8781
24575
28184
2477
21246
6601
14432
12833
30975
10742
24717
4544
10993
5616
14961
16611
9309
23917
28662
1689
421
5782
15542
30189
30778
5481
1989
28775
24336
8796
20433
12757
6991
1091
7534
18762
17740
24947
28587
9064
6583
15400
22249
2523
2838
3620
12781
15398
1905
18329
16691
1442
17999
13641
1157
29891
13026
4588
5837
6046
18047
18130
31784
25000
26449
8137
5691
7873
8013
30273
13002
6001
16232
6062
26758
19057
17160
27438
13863
24429
1977
6764
6075
14088
11554
16836
1598
15393
12599
27560
5482
23124
7344
23362
9168
15812
21433
27226
20776
16408
24299
32379
12006
9924
16507
22865
24334
5770
10673
18518
5448
24640
9372
30638
11831
2771
1541
27726
20743
16012
15265
26980
20293
30098
19082
17651
14068
5553
4592
28606
19165
22361
9740
13416
21798
7658
22358
29145
2086
9518
14840
21732
24952
10279
16770
21798
17230
25868
17631
31025
14344
8846
32392
9706
5126
6751
23799
32047
27066
27893
14175
4029
1025
652
15002
26193
23219
32106
8803
9742
13688
8550
4805
21535
28894
21675
9683
31901
6569
7610
410
16563
21099
17070
2644
4096
14164
28100
1247
4412
13386
31514
15725
32287
316
21431
1660
30334
14516
31180
9225
3768
15532
10809
30464
7504
23971
14163
31992
3035
30704
229
30749
12061
31573
11637
21357
27247
4311
2248
5928
8803
21197
11176
385
17067
19256
20708
6042
23351
11346
31641
17071
6302
30570
21168
19858
7103
1518
21928
22103
29864
10442
20117
2128
17591
20976
9577
12860
19454
31800
30835
3259
26092
17771
7717
17669
14634
28314
29722
8156
7876
14005
8024
18623
1161
17241
8658
8545
20148
3048
26929
9561
31948
31455
15059
13851
5576
14692
8468
25383
8055
22815
15821
640
9503
20555
9755
11616
4453
31757
11106
29994
24428
7428
13713
25760
26433
545
4775
8534
18807
21945
24438
16742
15886
16600
28070
10598
19098
22745
19198
1687
9120
2867
19935
14687
15684
31638
19217
17402
20257
2103
22723
4460
20345
26728
17100
10426
10638
6507
5175
8281
13135
3464
23039
26087
9783
20829
791
11801
8051
7030
429
8437
27459
31261
4528
5697
8098
4979
18576
30267
18985
11200
21061
4746
13617
26120
32658
2933
2104
29407
2443
5459
18310
8573
11861
12866
30479
1813
2861
13340
25756
12387
22443
6823
23846
4485
26184
8716
20866
10251
3615
5515
11844
849
25072
14956
27357
9997
22634
26425
5126
31780
18858
6954
21858
17346
26111
10721
18014
16553
2544
20311
32349
2761
4992
16407
13330
16657
7344
2474
27692
3462
16198
22354
31545
12178
17869
28411
24260
158
28125
31342
12737
9955
8092
28872
16428
27260
16005
13354
32236
24768
30568
14259
25853
25040
12210
16811
32462
31852
31215
7681
7400
23563
13197
21752
1233
21802
12259
14877
4912
3044
5234
26492
6705
26819
19050
30995
32555
20438
10608
7303
23425
19971
16286
18710
9414
12447
23243
13261
8228
15164
14093
21499
9470
28610
30333
3045
29396
7362
17978
18875
7783
9734
21681
13515
23070
15213
32027
15093
7593
29174
19526
4703
28900
29466
17049
874
24062
13919
30547
3812
20186
31018
275
17535
22965
26836
18333
23937
16650
13057
8923
28606
10930
28717
27426
19651
21072
7304
24247
24917
15084
4868
146
10522
9182
16044
21601
2709
17646
30263
7120
12120
5561
13789
30984
11380
9303
11113
6773
3893
16186
18576
21453
8716
30297
20353
18510
32205
14222
3517
2631
15130
2621
14633
21465
22559
11831
9057
15615
9857
8670
14160
4812
21904
21385
29950
13300
27844
554
24488
5774
19047
4398
4630
23320
31375
21412
27945
4284
31311
4770
5300
3793
15150
21220
11916
1957
31448
7607
6115
14458
17172
20757
1233
23246
9718
15122
15924
15072
2646
1143
29114
5999
7297
11948
18492
11973
14125
10459
13902
7412
22707
16466
15124
28512
30840
28713
343
4477
20652
21541
5847
30426
28728
17117
11747
9823
10481
21275
7464
2771
11794
20613
4551
11424
30441
25469
10154
14555
14800
28741
23575
31103
4959
29031
3717
8953
11744
20820
943
6890
32003
1867
7912
7208
25044
31612
17838
23558
19177
30318
8577
5333
9440
8094
13302
6570
12041
20329
28935
22370
2143
14379
21421
26340
2237
10921
8369
5286
14926
31148
19390
371
1862
16623
12988
16491
28623
4923
9049
5707
23622
21457
24296
15854
24488
16136
4207
22036
32327
26167
26875
23651
19650
8917
22071
22955
31539
17631
1853
9070
8362
122
13228
22176
23259
24282
22779
28587
5651
13922
25101
9142
4465
28173
27909
24359
29522
4108
9051
3430
525
28593
22576
3556
21729
26251
24798
31325
4395
27859
23508
8794
2012
4358
22945
24569
18219
4820
7246
10736
29831
9529
24817
1744
720
7146
26495
17799
6342
2034
11490
7977
15298
1949
2891
9712
4772
19861
13514
9601
21772
9035
15388
22640
15053
27288
8132
5895
32670
25253
2909
25411
20243
13320
17198
30240
11468
2095
28159
12822
11501
12290
12587
7908
4301
7620
21239
21132
7155
13882
22306
27551
13630
15632
18877
186
10339
24696
11325
10577
7069
10260
14543
939
3487
19222
28651
23598
28622
12710
9260
23005
12461
9604
30815
21535
19096
30190
986
13762
10934
4804
4367
4415
1065
25322
10848
19008
25479
23022
26933
30815
5774
4330
15180
26417
15379
26284
4689
22403
4156
27413
12719
26083
18671
6591
3749
14947
5770
10210
30364
26009
7381
27001
28600
3818
30773
4512
1965
22537
8994
21057
1236
6586
20442
7919
11646
24028
2647
5906
6536
15014
13951
23365
16943
29489
16028
20988
17446
310
1547
8042
2022
27674
29752
21666
17478
4391
11210
6652
3915
16669
16922
22714
28993
22249
2794
10219
11786
11188
19540
144
14519
3103
28416
31998
1365
4813
32410
10115
11529
3107
3715
7244
6240
18251
22215
646
9184
30847
7504
8388
29411
4228
16217
4257
25765
11636
28453
21926
24475
2241
31216
23406
26374
1655
10790
7943
11977
18881
6611
1948
8567
29359
2394
12881
3249
26934
3691
13679
26543
22905
12079
7873
26652
17734
15813
12606
22823
20196
2034
9703
26839
8460
12052
29683
24478
6197
15448
25642
30258
4373
17709
29583
15768
100
13305
18753
19841
14307
2314
17315
11482
31901
10191
24763
10399
21100
1096
1496
3312
8384
17595
27256
29798
5276
11177
10856
8615
25569
24064
17197
5944
21967
22930
163
24979
13513
12230
7396
18298
3416
22669
5995
21642
24179
12696
1914
29203
7934
32201
28088
551
15504
30951
18719
12529
30585
21397
29461
28744
16388
11141
1753
20868
30969
21481
22561
12689
17254
554
15618
27458
14239
13021
12047
999
12164
23283
1989
1569
1538
14639
23591
32501
28637
23518
15269
20768
20908
11970
22082
21162
14117
9551
19958
26814
20378
21786
14161
5561
5060
5262
3426
11649
30912
29152
7383
9240
21591
5702
10853
10865
22146
26980
22635
3458
15405
2311
4050
2970
7996
26902
28727
5109
1996
12230
2892
9358
8891
8716
28539
14900
16746
13400
17869
1760
1729
4992
1803
25158
25972
14842
3107
10410
21381
25935
32204
31733
22283
32716
26477
6920
20529
21115
28987
17232
9345
4946
1442
20634
12131
9129
26087
3881
7136
4850
29195
29702
2988
14756
10226
12184
12132
120
7621
20084
13332
10200
31636
23670
10748
9108
14400
15889
18580
24280
7576
13283
13261
31835
22466
15501
9882
26328
5085
18625
9903
17858
29156
